000000
000000
000000
000000
000000
000000

000000
000000
000000
000000
000000
000000

000000
000000
000000
000000
000000
000000

000000
000000
000000
000000
000000
000000

000000
000000
000000
000000
000000
000000

000100
000000
000000
000000
000000
000000

000100
000000
000000
000000
000000
000000

654310
000000
000000
000000
000000
000000

654310
000000
000000
000000
000000
000000

654310
000000
000000
000000
000000
000000

654310
000000
000000
000000
000000
000000

654310
000000
000000
000000
000000
000000

654310
000000
000000
000000
000000
000000

654310
000000
000000
000000
000000
000000

654312
000001
000000
000000
000000
000000

654314
000001
000000
000000
000000
000000

654314
000001
000000
000000
000000
000000

654314
000001
000000
000000
000000
000000

654314
000001
100000
000000
000000
000000

654314
000001
100000
000000
000000
000000

654314
400001
310000
000000
000000
000000

654314
400001
310000
000000
000000
000000

654314
420001
310000
000000
000000
000000

654314
420001
310000
000000
000000
000000

654314
421001
310000
000000
000000
000000

654314
452001
310000
000000
000000
000000

654314
16112001
310000
000000
000000
000000

654314
16112001
310000
000000
000000
000000

654314
16112001
310000
000000
000000
000000

654314
16112001
310000
000000
000000
000000

654314
16112001
310000
000000
000000
000000

654314
16112001
310000
000000
000000
000000

654314
16112001
310000
000000
000000
000000

654314
16112001
310000
000000
000000
000000

654314
16112001
310000
000000
000000
000000

654314
16112001
310000
000000
000000
000000

654314
16112001
310100
000000
000000
000000

654314
16112001
310100
000000
000000
000000

654314
16112001
310310
000000
000000
000000

654314
16112001
310410
000000
000000
000000

654314
16112001
310510
000000
000000
000000

654314
16112001
310510
000000
000000
000000

654314
16112001
310510
000000
000000
000000

654314
16112001
310510
000000
000000
000000

654314
16112001
310510
000000
000000
000000

654314
16112001
310510
000000
000001
000000

654314
16112001
310510
000003
000002
000000

654314
16112001
310510
000003
000002
000000

654314
16112001
310510
000013
000002
000000

654314
16112001
310510
000033
000002
000000

654314
16112001
310519
000048
000002
000000

654314
16112001
3105111
000048
000002
000000

654314
16112001
3105113
000048
000002
000000

654314
16112001
3105113
000048
000002
000000

654314
16112001
3105113
000048
000002
000000

654314
16112001
3105113
010048
000002
000000

654314
16112001
3105113
030048
000002
000000

654314
16112001
3105113
040048
000002
000000

654314
16112001
3105113
040048
000002
000000

654314
16112001
3105113
040048
000002
000000

654314
16112001
3105113
040048
001002
000000

654314
16112001
3105113
040048
001002
000000

654314
16112001
3105113
040048
001102
000000

654314
16112001
3105113
040048
004202
000000

654314
16112001
3105113
046048
005202
000000

654314
16112001
3105113
047048
005202
000000

654314
16112001
3105113
048048
005202
000000

654314
16112001
3105113
0413048
005202
000000

654314
16112001
3105113
0413048
005202
000000

654314
16112001
3105113
0413048
005202
000000

654314
16112001
3105113
0413048
005202
000000

654314
16112001
3105113
0413048
005202
000000

654314
16112001
3105113
0413048
005202
000000

654314
16112001
3105113
0413048
005202
000000

654314
16112001
3105113
0413048
005202
010000

654314
16112001
3105113
0413048
405202
320000

654314
16112001
3105113
0413048
505202
320000

654314
16112001
3105113
0413048
605202
320000

654314
16112001
3105113
0413048
605202
320000

654314
16112001
3105113
0413048
605202
320000

654314
16112001
3105113
0413048
605202
320000

654314
16112001
3105113
0413048
605202
320000

654314
16112001
3105113
0413048
605202
320000

654314
16112001
3105113
0413048
605202
320000

654314
16112001
3105113
0413048
605202
320000

654314
16112001
3105113
0413048
605202
320000

654314
16112001
3105113
0413048
605202
320000

654314
16112001
3105113
0413048
605202
320000

654314
16112001
3105113
0413048
605202
320010

654314
16112001
3105113
0413048
605202
320320

654314
16112001
3105113
0413048
605202
320620

654314
16112001
3105113
0413048
605202
320720

654314
16112001
3105113
0413048
605202
320720

170
